ALB,BET,DOL,LAG,NoF,OTHER,SHARK,YFT,image
0.46322922457172805,0.04785018506478496,0.0022453038442387116,0.007072536706171953,0.009286928458895765,0.44432537762882546,0.00563820329669787,0.020352240428657162,img_01366.jpg
0.8895402250888387,0.03996494874874378,0.0030394725433961055,0.0014609170029286334,0.056808665316106025,0.002406346121993137,0.00308713787486998,0.0036922873031237017,img_06099.jpg
0.0006744670570124012,0.0004121418502863637,0.2377656085496235,0.0006505378696333415,0.0001630233412399721,0.00039332090739363176,0.00045305290361222894,0.7594878475211986,img_00889.jpg
0.1507779317735468,0.0072246728420271855,0.001968776135573677,0.5957626258833658,0.0018654041221319762,0.23819296274704269,0.00213045794283378,0.0020771685534781014,img_02077.jpg
0.0002307065643400013,5.074213465031612e-05,0.00011379477077084633,0.0005048631888127494,0.9985829804533187,9.349025027968866e-05,0.0003248026913332891,9.86199464944861e-05,img_06489.jpg
0.224467876281263,0.05066533113446472,0.004107920654931182,0.03084100337344944,0.0074984864349659135,0.32365865146376294,0.07638127889425865,0.28237945176290424,img_04885.jpg
0.3453085512821489,0.10692397950830482,0.009153450116306427,0.012528276459661182,0.01521214721601291,0.3206002269782366,0.013362323642423325,0.1769110447969059,img_05672.jpg
0.01988561749242857,0.002596014701909204,0.0005548767878421479,0.0009524703073460146,0.9696714995150812,0.003469106294403089,0.00226164613127354,0.0006087687697161141,img_03867.jpg
0.29954096645668593,0.011211740661754904,0.307461300477393,0.00871287270325557,0.051003102233094795,0.280900775202822,0.009309901412232018,0.03185934085276189,img_04740.jpg
0.2763297434742802,0.08419262301490696,0.0035128600035703194,0.09147867792177387,0.005927922892989413,0.3313976728546145,0.03666757163678056,0.17049292820108414,img_05293.jpg
0.44034653965187953,0.016592310245995355,0.0013693780645533584,0.003775138720714664,0.004465598340509634,0.06261700821833031,0.27187161044763875,0.19896241631037836,img_02384.jpg
0.7208434378959248,0.01301166004134329,0.0008424399373898265,0.0034129410601020987,0.002151283285574891,0.01793267590061854,0.0033468726803936337,0.23845868919865304,img_06916.jpg
0.00046673931352820056,0.011733741679720636,0.040302427717442774,0.0012659216612320354,0.012904390475473133,0.001385162113351989,0.002025426943460785,0.9299161900957904,img_04390.jpg
0.3167376064033806,0.0030628513750667902,0.017070532008525742,0.0030051544786560734,0.0022563554121496168,0.051398237504861444,0.03841439991501993,0.5680548629023399,img_05580.jpg
0.2260135082316233,0.007341950645986904,0.0012995916951452806,0.003235100069558876,0.0030822234517286096,0.014501893197183997,0.25749531319050845,0.48703041951826476,img_06475.jpg
0.9492789121318965,0.010029987231568432,0.0009657367740741439,0.004414653028133923,0.0005439395252983302,0.0285101156793477,0.0027287469246655037,0.003527908705015413,img_04661.jpg
0.12379908818956116,0.007711853225413975,0.003347272054584923,0.8418720130222161,0.008911789818479125,0.004153542912974494,0.0022718791749388586,0.00793256160183128,img_06302.jpg
0.2745278366992417,0.006245613157539474,0.0015947358913589236,0.003908366691220945,0.003676807352361855,0.03647678096866137,0.03464397535428654,0.6389258838853291,img_00927.jpg
0.24391201971089943,0.0064846134130760015,0.012475274726221779,0.674040259029705,0.04875661833777437,0.0031644284560276995,0.0019796710498886554,0.009187115276407164,img_07448.jpg
0.34422759314067225,0.01142659193995177,0.011898625246522517,0.6143060757853911,0.010213307676725656,0.002587171154745441,0.001382639068732797,0.003957995987258524,img_00757.jpg
0.9866978899129419,0.0004955252960138058,0.00036699147289671994,0.0007571070086386938,0.008340347670606006,0.0005724327267025876,0.0019745613731224354,0.0007951445390778755,img_01548.jpg
0.16138529410079902,0.010015328386893932,0.0016191216504485909,0.003581783212962139,0.002242584357095891,0.03783717165367319,0.622474192451507,0.1608445241866202,img_01059.jpg
0.8458585682430328,0.004586326654537679,0.0008496485521304908,0.001659457112501969,0.1271323751018013,0.007558971181739866,0.004937342373905024,0.007417310780350747,img_00959.jpg
0.9282453375376065,0.001147137932718632,0.003312712579216534,0.0005823242824931859,0.03824137128859484,0.0002950804038026683,0.0010564118867095512,0.0271196240888581,img_05269.jpg
0.47516549141266534,0.04038135920950646,0.014853431353164862,0.0039065199076444195,0.11473823769800309,0.01887561734281868,0.004156520559667663,0.3279228225165295,img_02216.jpg
0.33249769270252283,0.0011875169077421683,0.0010235000154182573,0.0007318759022600468,0.6593464745215116,0.0010873323735495729,0.0011490249422205661,0.00297658263477502,img_01208.jpg
0.5912259306943712,0.017880945882810438,0.0013093087589086342,0.0013135462350206285,0.0031609649928214206,0.0587188134902737,0.006142496816120073,0.32024799312967395,img_05068.jpg
0.8309824222094768,0.13534116355186002,0.002544338478789813,0.0030349695558018605,0.0013240748457009801,0.019653049236519247,0.0027644437059071783,0.004355538415944143,img_06001.jpg
0.9094758563186367,0.013941026755777425,0.00909286219854299,0.0032466004455748137,0.0060835924962241855,0.010297359034365745,0.0021564791022873273,0.04570622364859088,img_01142.jpg
0.7554164033145641,0.023265816581966022,0.002238606193372233,0.047316884276288655,0.008604385961222037,0.15215459196042255,0.004373986794948703,0.0066293249172158395,img_02943.jpg
0.48382371767666804,0.025553514825244227,0.016144476184486025,0.06376899672904672,0.260208794617491,0.13627764490612843,0.005255354107369039,0.008967500953566545,img_05989.jpg
0.44648303226268415,0.2145765835041696,0.0100014215744142,0.0036678160547968515,0.0056693122789413675,0.0223005109580882,0.00728728172641039,0.29001404164049527,img_02656.jpg
0.009274793427478747,0.0006325122628078162,0.001490819993298511,0.0014154142936122066,0.9407684746894821,0.0013249519426494815,0.0006949881771245354,0.04439804521354677,img_03475.jpg
0.8617215242718548,0.023744313402754128,0.029397832656524608,0.003974103462188268,0.005427966352425639,0.05004484744482923,0.00287057847860202,0.022818833930821382,img_02400.jpg
6.615031415469127e-05,0.0012977967709827318,0.8694143213200711,0.00038534383019395103,7.248566921384511e-05,0.00012506789965673927,0.0002038012771868041,0.1284350329185403,img_04723.jpg
0.7996310304111679,0.01778761616956276,0.002402970487840656,0.02693860012264421,0.008314845755465665,0.12476379756022514,0.0035570940338522914,0.016604045459241497,img_01022.jpg
0.9250341421921183,0.009962455977127256,0.0014769224285904228,0.0009574912501224709,0.047861088567682196,0.0035410410248023195,0.003128601606075657,0.008038256953481246,img_05210.jpg
0.707620202648616,0.04473914497199099,0.003389817260345198,0.08269551542122297,0.02175382276111589,0.028935507277796327,0.00930493922795832,0.1015610504309542,img_02281.jpg
0.2969372520462293,0.018873300386579684,0.001297823496196926,0.004650808328068662,0.0053834126479121525,0.05689825809180407,0.07761981434784414,0.538339330655365,img_03195.jpg
0.9646761585541379,0.020042428515334353,0.0011117245628517172,0.000487982797703966,0.00043672279364143573,0.005839175364953434,0.002607194984061751,0.004798612427315369,img_02771.jpg
0.5829582292316191,0.025590946828233454,0.0019858991246863955,0.0030839342798577255,0.018142906960144936,0.11559813318226167,0.013484241653889562,0.2391557087393071,img_05359.jpg
0.0033911246815396244,0.0004037622965073847,0.019837386339867598,0.000908643793921165,0.00014394296506192454,0.003569570141400339,0.0010237093258238475,0.9707218604558784,img_04546.jpg
0.07119685503639443,0.8584729632815155,0.003987440262874084,0.0021546143286920233,0.04194567012853609,0.0031544261767216548,0.00941903141651293,0.009668999368753472,img_07583.jpg
0.802882246013647,0.008305588284858697,0.0016151415494317428,0.0014343362178731145,0.11957820371448369,0.008763155484492604,0.00373389211576434,0.05368743661944887,img_04642.jpg
0.6980957236956306,0.015769421465027546,0.009064381142718346,0.009530197818397762,0.03546775631222508,0.19826958910091383,0.00588925897914732,0.027913671485939387,img_05603.jpg
0.005393602049953997,0.9693106007930298,0.0024104277104516317,0.0016683277037747393,0.01099532204064457,0.0010284955662077887,0.002554540394624332,0.006638683741313398,img_03809.jpg
0.6410296024074432,0.0162213668902595,0.15359115851328575,0.005759260300490328,0.009169693835077094,0.10732031950514823,0.007712193301962824,0.05919640524633301,img_02119.jpg
0.0003451293759582526,0.019201226541526614,0.002936476493352437,0.0006775333859310156,0.0002795826211595882,0.0006652705474027316,0.0011815700071885666,0.9747132110274808,img_07318.jpg
0.0005200120653961793,0.03391732169598227,0.011323741935837957,0.0016458578064425153,0.00042375767953011195,0.0006591377532241801,0.002160832255236977,0.9493493388083498,img_05253.jpg
0.6691332786456766,0.025126802003317943,0.0021397509078215043,0.00266169220874642,0.007895180938565642,0.10743785933482926,0.015011945942137957,0.17059349001890464,img_05046.jpg
0.15891177113656443,0.0026580781871303485,0.0009303566124132783,0.002789245322170405,0.0022886073649932962,0.0660267663479108,0.053794942042496116,0.7126002329863214,img_06893.jpg
0.03223897967230639,0.4712658956135487,0.007338029048612236,0.005059211944986887,0.007515226819325644,0.009746663164731066,0.43217716487715596,0.03465882885933312,img_05653.jpg
0.534143985724186,0.023873934965272146,0.004963274183347688,0.0015352636731261245,0.0015433321943681022,0.013071976744847261,0.003982864405864998,0.4168853681089877,img_01984.jpg
0.9791948489346821,0.009445442044025231,0.0005101841971346542,0.00039211758416783974,0.0027366606388295757,0.002864457151123061,0.0035126995062012235,0.0013435899438363854,img_01640.jpg
0.0005337570618223847,0.0050211504301594274,0.641497160501844,0.0019127316079022684,0.00045024981626616746,0.0021351580471725253,0.000718639307259472,0.34773115322757375,img_06067.jpg
0.3582783081408658,0.012299633764027283,0.0012279734525665897,0.0021906832213643645,0.00457382030355984,0.0419238381274178,0.03319989959084146,0.5463058433993568,img_02565.jpg
0.8521548595223254,0.10749202855698377,0.005795574894154205,0.0011811360465330148,0.008243114553846107,0.001512047711183058,0.012265508214473067,0.011355730500501416,img_07895.jpg
0.7224275904378601,0.007276431380600318,0.0008608580600842179,0.0026763533172544924,0.005519928705499784,0.07869597993402574,0.10987582438663526,0.07266703377803996,img_04671.jpg
0.9334717260679223,0.005895738700699275,0.0012469433455408656,0.0015150566438104185,0.01450324530658104,0.02262944127114938,0.006653508356699202,0.014084340307597556,img_06559.jpg
0.030123317150962222,0.008313646777173151,0.012251646985829858,0.0035251381713761244,0.0050818485729391205,0.8914566181866108,0.006558431648230166,0.04268935250687837,img_04004.jpg
0.20530527911396548,0.011099455282262787,0.0012553889832609415,0.0051360582724188555,0.005581284672984978,0.23978364222906381,0.03487855805942908,0.49696033338661405,img_00027.jpg
0.9516228583923906,0.013375008179754153,0.0005657293720028691,0.0006345637399612981,0.0006124017475820963,0.022714506357709784,0.008595676908585068,0.0018792553020142728,img_04478.jpg
0.9762035825530754,0.0007822017614437879,0.0006154860132035207,0.0010594498364789428,0.016285745742236582,0.0005955399283895915,0.0021761369164981894,0.002281857248673936,img_07192.jpg
0.039729285695867006,0.020288266175874196,0.8756988287117448,0.00455025703311442,0.015580363461590536,0.005862093151933707,0.0057521699166508365,0.032538735853224504,img_00764.jpg
0.32436979671156574,0.35848776411744676,0.0030208115398643333,0.001946735080312584,0.0036012849886597085,0.02342433355134157,0.012539882712007285,0.272609391298802,img_06189.jpg
0.31560750479454974,0.11118820880915953,0.0194566172109751,0.0022273553901888707,0.006102652979967574,0.017410424582794116,0.006790986944334939,0.5212162492880299,img_03967.jpg
0.40135909071352643,0.010064658022196683,0.2783148756795186,0.01179093235861212,0.02167092289272908,0.1259357088447574,0.031705690466838285,0.11915812102182119,img_01384.jpg
0.27637039887393927,0.003343376511542355,0.0005335699383255106,0.0014559972606718755,0.0021610758731271007,0.007650153550399941,0.5817679390930943,0.12671748889889978,img_04036.jpg
0.2273847130287913,0.005951523401148913,0.006852832817137774,0.0031545700991681396,0.004426901992966246,0.006331901830626586,0.027079226485559646,0.7188183303446013,img_01853.jpg
0.9389133092596916,0.028642966729946148,0.001640864213007001,0.002584082869648482,0.001333776478113802,0.02009513868652347,0.0030978102502250697,0.0036920515128443477,img_06273.jpg
0.6482151822602329,0.0064991693165355555,0.0012525636408708314,0.0034044428379392112,0.00362746889918902,0.19326941560224092,0.05683445058943929,0.08689730685355233,img_02625.jpg
0.6758011077516208,0.011279999899954415,0.01422213844105365,0.0023850715221160647,0.039630037244794976,0.04919147286138884,0.00574900519920732,0.20174116707986386,img_07120.jpg
0.954209582987257,0.02988904185482308,0.00018402211539651322,0.0003471504814826973,0.0019714651899744627,0.004592457515448361,0.0013758819148700563,0.007430397940747802,img_03554.jpg
0.3983533283908316,0.01005896893848874,0.001346025934030817,0.004391631329856338,0.004236278651329222,0.10829718443954006,0.09649680781936824,0.37681977449655496,img_00575.jpg
0.17628685441756745,0.017914503041645866,0.01154187932598237,0.0057166592438453925,0.013798804920611266,0.008797904466342094,0.007079794236850068,0.7588636003471554,img_04712.jpg
1.3934490248427738e-05,4.918490214378081e-06,1.2742745907831587e-05,0.00018761870131094954,0.9996646554702808,1.7171423154146565e-05,8.472499368505859e-05,1.4233685198336805e-05,img_02865.jpg
0.04414387285385016,0.3351607629149183,0.004437347297472414,0.0019776146372603963,0.0015606143574807066,0.006625960385708477,0.01802031294494838,0.5880735146083612,img_03677.jpg
0.228172862006409,0.004104284344515173,0.0010636010750640584,0.0026492167338561874,0.0015872750664883727,0.0049035760900919155,0.14029391318114115,0.6172252715024342,img_07330.jpg
0.9109141501773533,0.0008284809830917807,0.00031406195790026033,0.0010386554793526922,0.08067231596207988,0.0017433498528238852,0.0032898211652971406,0.0011991644221008991,img_06921.jpg
0.9833664225370264,0.008112760968979433,0.00012436005565963143,0.0002786247992891708,0.001189640392868041,0.003493733855308388,0.0014817580722365643,0.00195269931863225,img_07467.jpg
0.26215673415034385,0.027360528689505902,0.002674759987810902,0.008811112256205724,0.005410134308850678,0.6635719473636922,0.0072227979295849355,0.022791985314005857,img_00282.jpg
0.9949993925107065,0.0004081291789073091,0.00010978928747893699,0.0007357767075198092,0.001808048165118668,0.00018155949251704375,0.0011160313462956393,0.0006412733114560601,img_03869.jpg
0.9068252862035348,0.017665135535061646,0.001229337964550854,0.0007370965379260359,0.0018521911689137833,0.002927379271084647,0.011323243824017486,0.05744032949491082,img_03996.jpg
0.0003976116246681111,0.00045792868262780115,0.0015348838540331373,0.0008164625882906049,0.9919992054482428,0.00030794834935736525,0.0015782581138571558,0.002907701338923007,img_00763.jpg
0.4648769084412838,0.026870943138117272,0.005637345144820317,0.002528745265427868,0.37141223588701794,0.009033038734758381,0.004425530932511829,0.11521525245606253,img_07044.jpg
0.9224892135426731,0.061095348991534085,0.000691716174442724,0.00042802975167574077,0.0029382528513162216,0.006981868659700739,0.002538743263819058,0.0028368267648385447,img_02739.jpg
0.9537387090068842,0.002093638388908122,0.0004114934076961111,0.0005965011771262142,0.03244278395336286,0.0018427609245573514,0.002136461664656207,0.0067376514768090895,img_03410.jpg
0.011301367394184825,0.0015644644514058845,0.003033216853708697,0.0015302630589533652,0.9546483490058869,0.02141056958424097,0.0011573654527506122,0.005354404198868655,img_02372.jpg
0.2883894154066689,0.015989627231103316,0.0286111972344145,0.006604133891010671,0.014229525954446723,0.15331131083422822,0.015737648525958055,0.47712714092216985,img_07213.jpg
0.9798706426631484,0.0004691426362924059,0.0012835998858284007,0.0004351766677449604,0.0050080095954855505,0.00010860172438062619,0.0012066731968606663,0.01161815363025886,img_02651.jpg
0.6379255062744763,0.013666707770351687,0.0010912532393269542,0.0009107112785749311,0.0023528795400956314,0.004125075152019236,0.005114749302164909,0.3348131174429903,img_05967.jpg
1.2687651052243115e-05,1.0821190607910288e-05,0.0002619120660565787,0.00022011062259827386,0.9990609874170459,5.618460707983356e-05,0.00025038871079124166,0.00012690773476818165,img_06685.jpg
0.07138628209287413,0.015295897305844216,0.01053551840145759,0.8789134449111221,0.011249608703928285,0.00290765644947672,0.0019414989628454547,0.007770093172451532,img_01781.jpg
0.7908497839333495,0.16062963611638054,0.0018418157762626413,0.0009200431861653264,0.0010016238557732874,0.038142152462161724,0.003934436573341433,0.002680508096565511,img_01035.jpg
0.8680213490529229,0.03076156672784095,0.0016381879130736524,0.0079622661854549,0.01596799222941617,0.05356590255790304,0.00521433471823778,0.016868400615150547,img_00407.jpg
0.21928585755803254,0.028112815678737767,0.018682412765402154,0.005090675430085992,0.0073058926647981345,0.27781427524708624,0.005660471895064822,0.43804759876079236,img_03952.jpg
0.8426228114925208,0.022899879538412632,0.002974473957996707,0.004476668472561328,0.06312587514760154,0.022210518552488553,0.0046655639984040705,0.037024208840014415,img_02367.jpg
0.824642021673793,0.024733437740276244,0.0032890680673080992,0.0016641582076546617,0.1158499340509541,0.006631138751500891,0.0029867217988449857,0.020203519709668133,img_03931.jpg
0.5903276463962681,0.026348861005360377,0.033162861089998955,0.004919782434786004,0.00817497986560297,0.19954037823633544,0.005861342122679507,0.1316641488489686,img_07157.jpg
0.9784763084554174,0.000499727729585886,0.00022644407128252875,0.0007671475737060159,0.013749208370683885,0.0005712750779335899,0.0011404220373724223,0.004569466684018205,img_02412.jpg
0.7233721461420133,0.030804462421568646,0.0013561133304072527,0.0015599255688384171,0.06106598611316077,0.008401001211988697,0.004614281515151385,0.16882608369687158,img_03776.jpg
5.33702088155728e-07,6.192669966235049e-07,1.6580633352013748e-06,7.844875309289869e-05,0.9998755284062788,4.71929461309797e-06,3.4131363419780356e-05,4.361150175410742e-06,img_03116.jpg
0.9584694700205647,0.0006910766203139452,0.0003126338383454076,0.0005846264388627749,0.03314202578245689,0.0014753365472515202,0.0017230333979152185,0.0036017973542895104,img_06506.jpg
0.9321519124449078,0.026170917256829483,0.0014273313295909422,0.0018085149585573507,0.0008288850314638648,0.01985116255219651,0.016219820547048278,0.0015414558794056856,img_05244.jpg
0.07066536259575544,0.0024416766371756103,0.0017388221804467943,0.006174761200363999,0.00047466780465182847,0.9152884656643729,0.0019360799773690477,0.0012801639398643803,img_00551.jpg
6.530196619082368e-05,7.31898368273904e-05,0.0006343274699193793,0.00040071792677451486,0.9982554461947324,0.00011288332134679944,0.00034961546379100577,0.00010851782041769978,img_01561.jpg
0.0190215385189835,0.017565738616537187,0.009381862953825915,0.0057681339439293565,0.0046481461506821566,0.020616579939582266,0.05793163294769777,0.865066366928762,img_03043.jpg
0.41507777560645376,0.016238004747187753,0.004585728727595315,0.004842167385732273,0.29049474978229706,0.011012457826058902,0.19487923292898823,0.06286988299568662,img_03670.jpg
0.31385073753714865,0.015793836528718644,0.003291999097994426,0.02332774551541623,0.0036278633304740564,0.611949808794547,0.005148527654734491,0.023009481540966475,img_02749.jpg
0.18398305157437614,0.004750640627318318,0.003067221876044007,0.0019125755828119225,0.004010984733606295,0.010315312567268468,0.015500881158381191,0.7764593318801938,img_06849.jpg
0.08229783590850698,0.007904013348626249,0.0007789420033468978,0.0038996792852125286,0.8911451814260438,0.003212975279003335,0.003191179492470128,0.007570193256790153,img_05021.jpg
0.9979723890482417,8.509390507398733e-05,3.5804861290821315e-05,0.0002511193232621154,0.0002279451597640392,0.00013613295776221995,0.0011451010388929257,0.00014641370571224168,img_03080.jpg
0.49389989140421436,0.026940272509991408,0.006414673274151668,0.008305737047517383,0.057047230172275566,0.32716800989765943,0.0061775161162869255,0.07404666957790342,img_03260.jpg
0.45275041941450195,0.5331538423659585,0.0012610390320766179,0.0015466297154918575,0.000912654512054388,0.0031812680229982484,0.005202059601842748,0.001992087335075576,img_03082.jpg
0.7665742570071447,0.20374584616060387,0.0014960922608247185,0.0008670354551130969,0.002423335390061426,0.011356115430570378,0.003520026846370495,0.010017291449311436,img_01771.jpg
0.9850280322054148,0.004128569536814058,0.0005215568798726838,0.0008625992364432106,0.0001597379394645937,0.00647080359774775,0.002452771572538812,0.00037592903170403046,img_05336.jpg
0.8685634841041745,0.034481219876234696,0.002604117996653124,0.0025524656540929966,0.0010283130453946454,0.07657793847348707,0.0056712310847572955,0.008521229765205654,img_01627.jpg
0.08004147085982798,0.0073108720557472865,0.001465932865300501,0.0030694255505323282,0.8857865365480285,0.011229043739660426,0.0023748835824397643,0.008721834798463102,img_00196.jpg
0.008629648738189194,0.003610004681544321,0.0006452560687023047,0.003969323991960009,0.0017876510461085214,0.9764457991601984,0.0036381136823917374,0.0012742026309054948,img_01824.jpg
0.8717715423793186,0.012288821517421458,0.011461133742127063,0.07026331875159755,0.012046659399833671,0.00332432921065864,0.0023739099512276453,0.016470285047815267,img_04461.jpg
0.5649906691302851,0.09986374794831014,0.005944864741982536,0.0027531903618635946,0.14132121874403694,0.019723537400087348,0.008004559101089501,0.15739821257234485,img_02347.jpg
0.5086337896109483,0.014953293790143013,0.0022179278036748994,0.00941845225097578,0.005984651212556225,0.23838782269346245,0.0269907302543248,0.1934133323839147,img_00612.jpg
0.19332124495610437,0.014288439631906182,0.00274271407458066,0.004965911038560007,0.009918344860730881,0.7100117522237429,0.006280288636416144,0.058471304577958835,img_04069.jpg
0.9128685149536462,0.011969579706918317,0.0021391661264839315,0.0015055246816048043,0.008726661060746,0.00151217492963602,0.05461294651775865,0.006665432023206138,img_02096.jpg
0.07948631765595623,0.7150806652774183,0.002710265750714987,0.001349228983592536,0.0025519577241241887,0.002084908149944664,0.005962944006016125,0.19077371245223296,img_04949.jpg
0.9510766944617238,0.004590851045185848,0.0009108595224396881,0.0004996379302285504,0.0004939431642198786,0.03471705232950721,0.007135450278515986,0.0005755112681789293,img_00009.jpg
2.294678342143433e-06,1.4159103933163422e-06,0.9997347661106231,0.00018144396111800267,6.002405862720656e-06,4.468535726537156e-06,4.050602558842725e-05,2.9102372345840707e-05,img_04814.jpg
0.753051827756517,0.019394369356585166,0.006224016516509478,0.0009015904865804523,0.02146917456300411,0.004890218428221495,0.004411534224308539,0.18965726866827384,img_02636.jpg
0.5597749005525631,0.06173274706536473,0.012024614242050315,0.2735331435982702,0.025540577776286648,0.02092519809753124,0.013147318377043419,0.0333215002908903,img_02231.jpg
0.8945460061772057,0.033774284617720036,0.006651479536185414,0.001790295145459832,0.004621107424296619,0.011855450543825238,0.0056996781440651414,0.04106169841124201,img_06909.jpg
0.202721231123183,0.3334043580506484,0.009270285571570391,0.051676139480096264,0.017844145830081162,0.2308839646432937,0.10763487158379875,0.0465650037173285,img_07561.jpg
0.9912842462070147,0.00022307637846017583,0.0004624842363211285,0.0004487421846163678,0.005414860008586432,0.00010539745093996573,0.001293387417002116,0.0007678061170592105,img_00584.jpg
0.6114607172572841,0.00807853637244017,0.008642846340634634,0.00185853555600995,0.02060010149515357,0.006919717302762204,0.004012333496036544,0.3384272121796788,img_02546.jpg
0.6277441713956952,0.029770443637287012,0.0030951585571065967,0.01983873840568035,0.2108988347379118,0.06221448562360427,0.0055057842600829705,0.040932383382631846,img_05434.jpg
0.5795409874910212,0.008531378825072192,0.005888024609910768,0.002324183006575091,0.36906751106407043,0.0053902215680960265,0.0031302373155118616,0.026127456119742425,img_00950.jpg
0.8086163105809614,0.003344847084042939,0.001075686593012492,0.0016078341110366738,0.025678022572095994,0.005230676708971719,0.10417859254820026,0.050268029801678195,img_00398.jpg
0.07607363739638927,0.02090551284576312,0.0013157208997619074,0.0012742107622076624,0.0006296572890010247,0.001203790808774756,0.012262712092371031,0.8863347579057309,img_01253.jpg
0.5423734893700062,0.007740751417683895,0.0016297237438048604,0.003897388216997581,0.0038112581597594076,0.24383330145539348,0.15063878333436487,0.0460753043019898,img_01289.jpg
0.8248730932416145,0.0030275878897988284,0.0033829058261280547,0.0022274963381139724,0.0928908745616964,0.0024134923407004806,0.007829998354443844,0.06335455144750403,img_03454.jpg
0.968979827183081,0.0053424037736232435,0.00033362146764098473,0.0004555874404712348,0.006020588450196045,0.001221710062368412,0.002067503099115394,0.015578758523503638,img_05186.jpg
0.6564030586982479,0.007878251067520173,0.01894273500906073,0.0021032657148156602,0.02756156411738815,0.02854681012917591,0.0033002942063486427,0.25526402105744284,img_00550.jpg
0.11552337232627906,0.0011584690549007676,0.0006381740140994004,0.0014426342176123137,0.8754048129250314,0.0025141302808725707,0.0009147876801981962,0.0024036195010062435,img_02560.jpg
0.9086565920383709,0.022395682417089814,0.008005540038535316,0.013085339214349088,0.017313569069757544,0.010219490606137582,0.0021244173949889686,0.018199369220770707,img_06237.jpg
0.13599800924058641,0.6404305917334819,0.1746842757915641,0.003069809874062722,0.004543172570982202,0.01401555839077568,0.006202916136238654,0.02105566626230822,img_05525.jpg
0.5581383206209691,0.03168384852442385,0.002449313434429907,0.0035024318106920195,0.009920146927085266,0.02315734056551402,0.10435715205934568,0.26679144605754,img_04240.jpg
0.0034081680498390726,0.005419270556878181,0.02314389651984459,0.00236798195920659,0.0003622760431103467,0.002230998920189153,0.0034627904113152426,0.9596046175396168,img_07371.jpg
0.8300780530129264,0.07905745513432696,0.0027260775010852977,0.001791274587189337,0.0015387153382765257,0.056557820650697276,0.004784689764795132,0.023465914010703103,img_03222.jpg
0.6529128639778717,0.012097788538838994,0.000785990509548385,0.0010072051071555485,0.3029321119311982,0.002263891353941073,0.02107633984244417,0.006923808739001983,img_07352.jpg
0.8992162800173688,0.021062741559716373,0.047763309652737666,0.004284977523038925,0.006954866531020204,0.008338791915574113,0.002294083697959225,0.010084949102584841,img_03297.jpg
0.7268193762683748,0.024051375815420353,0.0018828706799990035,0.006690405563594406,0.12148129350948624,0.08320897847365331,0.0050689298693299524,0.03079676982014198,img_05439.jpg
0.22181094578594243,0.0034498709157219786,0.0007621968743161155,0.0020314928253222985,0.0031657593047325285,0.01871240398680505,0.694581597624276,0.05548573268288356,img_00730.jpg
0.626920395698956,0.032131593670479415,0.02503178735267068,0.2442166333022603,0.01890911614299345,0.02981596201819592,0.003787358063876211,0.019187153750568064,img_07678.jpg
0.6346153016432057,0.10802778423569628,0.004532487924514673,0.0019529523986720747,0.15201210920517172,0.016426206774497038,0.005564501478190641,0.07686865634005204,img_06646.jpg
0.9509305548854085,0.012158797999144063,0.014469096948402024,0.0049995525190366895,0.004227574948100145,0.0036137993046293985,0.0015589677760039695,0.00804165561927525,img_03261.jpg
0.765301146696552,0.06731767971888107,0.0033772551765442354,0.001185490082461666,0.0013953397320076984,0.15364683427729733,0.005669529966433565,0.002106724349822576,img_05794.jpg
0.2642477242337419,0.0034601425052859327,0.0007214441581665425,0.0017233254575141214,0.0034132604363641605,0.008947105565340804,0.012208756028648094,0.7052782416149385,img_05463.jpg
1.727853748432428e-05,5.6430423078282325e-06,2.8418676939046113e-05,0.00014382596547666602,0.9996591195551638,2.0197473655601384e-05,0.00011144378545680308,1.4072963515977205e-05,img_01541.jpg
0.3595554792582163,0.5705971535806603,0.003161062296551728,0.0010990436002679324,0.0013065264449101457,0.00842356803307315,0.0039407718175873,0.051916394968733216,img_01388.jpg
0.5913408436166198,0.0019010501720920542,0.0008615189213835854,0.0011141628203796816,0.3952933758495003,0.0026303902535464857,0.0020561024870872444,0.004802555879390789,img_07188.jpg
0.004196605208710367,0.0005547441984961499,0.0002893855062998907,0.001672091792305997,0.00011003065942143315,0.0010668238053225638,0.9908793317152147,0.0012309871142288796,img_04282.jpg
0.23355521311891986,0.026898709416609965,0.0029367770337715114,0.005132957522698748,0.00498554730492626,0.5684602101811205,0.028978687548640938,0.1290518978733122,img_04386.jpg
0.9726145380956935,0.002778094600075014,0.0006409527565675365,0.00037501837104171766,0.004237562174961978,0.003277842201381453,0.0018698010476542247,0.014206190752624356,img_05568.jpg
0.9944831797744778,0.0001733525049624676,0.00010961641783438527,0.0003273755073810474,0.002322640272710878,0.0003596955568881086,0.0015421647819090067,0.0006819751838362142,img_03943.jpg
0.0721228344945781,0.00482007782621359,0.1175246190202104,0.004042971146773266,0.7228348695682223,0.05697205972964413,0.005071219002154143,0.016611349212203978,img_05908.jpg
0.9448161853911565,0.023104972741954413,0.0018711837126930769,0.015223993526604971,0.001997980238149095,0.006133708943808689,0.002013928033600616,0.0048380474120328565,img_03891.jpg
0.5575092066988957,0.008174521683217528,0.0008192112994318569,0.002283893014907452,0.002463044795468077,0.012954050626744191,0.1183204889308414,0.2974755829504936,img_03928.jpg
0.19997760942587134,0.00845691240008864,0.0011146163804628064,0.0029698784337355067,0.0021235180264101293,0.00606700029219425,0.31081052553993727,0.4684799395013001,img_05516.jpg
0.983409136279678,0.0006796198954651213,0.0020980686606523065,0.0008222605829495164,0.008872062519541195,0.0004378036351189089,0.0024532041573709184,0.0012278442692241454,img_00320.jpg
0.6377324084452918,0.02432676715894809,0.0015665756512789905,0.0023005567084097914,0.013720927031894143,0.10824602638858948,0.06657206047470209,0.14553467814088572,img_06939.jpg
0.17344187153972956,0.012018246338967415,0.0017876762342784538,0.007615092350282236,0.0035338786604062716,0.7647278909243742,0.025860383130380426,0.011014960821581488,img_01633.jpg
0.9680907947726234,0.002157262833753912,0.0007828001643669111,0.0010406392771525699,0.016553770675166026,0.007825027141112051,0.0018952917096317161,0.0016544134261934633,img_02764.jpg
0.22767160372411252,0.003945069885947715,0.006005515482610869,0.002185198453971761,0.0016197748454207716,0.004986575931444631,0.034690507211004376,0.7188957544654875,img_00833.jpg
0.015400461947740694,0.002123263980184189,0.00039113936279085593,0.005669832816456741,0.001458097617985954,0.96447034405673,0.008249657496294888,0.0022372027218166427,img_03254.jpg
0.1368917911878443,0.004944500747624547,0.0008379659900371997,0.003119207776353098,0.0025230896266242126,0.0655233948260332,0.04932095558892726,0.7368390942565561,img_00587.jpg
0.004503573430768611,0.00039083378413789344,0.0009964268765879382,0.9931847024567274,0.0006898255944598547,8.619547835134056e-05,3.6298127548084626e-05,0.00011214425141888348,img_07199.jpg
4.2921225293594095e-05,1.7861328191504542e-05,6.011533576081281e-05,0.0001700423238892233,0.9994450809863041,3.293039799554015e-05,0.00021246143872645398,1.8586963838720155e-05,img_06637.jpg
0.9044059250192201,0.012329739995275549,0.002544611475283413,0.0682262897172119,0.00039573564615608586,0.008415315798852014,0.0026774069848616916,0.0010049753631392376,img_05654.jpg
0.9946432814900845,0.0006440799679647167,0.0001838281721568765,0.0008063529056105489,0.001346321954985687,0.0002630425278280517,0.0016573036728157566,0.00045578930855375927,img_04306.jpg
0.04520233371906546,0.0052185542460641155,0.0012450080188993351,0.004537271549078938,0.012657446472696125,0.8995261197225911,0.025154171504267454,0.006459094767337236,img_04233.jpg
0.1688840742174351,0.006555736918906838,0.0007198804553538796,0.002457677349744067,0.0021923011994537758,0.014223997036127096,0.0374869197299992,0.76747941309298,img_06946.jpg
0.034219651477991025,0.004932298095868749,0.0031352045978860505,0.007887833803944469,0.5195158880414322,0.31403062080363764,0.00553733044662066,0.11074117273261921,img_03674.jpg
0.732083453015778,0.07702913243549019,0.0034094349040137673,0.0014994592813216449,0.07782784284595647,0.013898489651847892,0.004136980417250551,0.09011520744834153,img_07757.jpg
0.7764228669820816,0.0012666322932383084,0.0006493351996046381,0.0004692089695274573,0.013959380731738743,0.0005695950586816318,0.0019417497685819312,0.20472123099654577,img_03886.jpg
0.8617033450810301,0.0794341964952493,0.002481857483056495,0.0006766426548260878,0.002609587434220418,0.018015799039107386,0.0032460045379124848,0.03183256727459781,img_03140.jpg
0.9318972296948896,0.00724365784543535,0.010535694396016208,0.007313112008180486,0.030358422818574964,0.002088853772472997,0.0016960874345546457,0.008866942029875794,img_03231.jpg
0.86974361819345,0.043499016984535725,0.0028322990406691923,0.0016560135612251222,0.0030935989499608534,0.04850691110720225,0.004582949835773803,0.026085592327183035,img_01103.jpg
0.0005888008844231984,0.01882413428900725,0.01481020981628184,0.0014772142713284076,0.0005564307231255588,0.0014731675653487306,0.002919134247950818,0.959350908202534,img_06611.jpg
0.8234657213442136,0.00654435451773147,0.001407718618319083,0.0013758613256555808,0.1552593321116477,0.0025183052210574182,0.002766283162328454,0.006662423699046923,img_05979.jpg
0.87590200044028,0.035235300431757634,0.0005145843696359946,0.0008981622633548265,0.07742924046748352,0.0009958538996737358,0.001886347580859486,0.007138510546954901,img_07348.jpg
0.6959070869584111,0.011235447686041908,0.0024362301330271203,0.26043924232260846,0.008387523853170466,0.005921450990138488,0.0036177076383672306,0.012055310418235167,img_01669.jpg
0.7657402668152996,0.008281089051742171,0.0024162587524299475,0.0013688778679143648,0.05050227386672038,0.0047863287712755775,0.0026315471545019235,0.1642733577201159,img_07623.jpg
0.3345557306490513,0.007207831819926077,0.0017986366311903614,0.015835055983759828,0.009083457180611064,0.37813726338870957,0.05630433037886775,0.1970776939678842,img_03588.jpg
0.342075700860443,0.018792193827032216,0.013031297086314718,0.005353548439468455,0.1251656969326328,0.28132933941669713,0.0053850913343230725,0.20886713210308852,img_03520.jpg
0.40692371473531125,0.028810635921544807,0.004682572439378146,0.5233384006581684,0.011769127448014942,0.004871814224673687,0.004050112982013819,0.01555362159089501,img_01431.jpg
0.014054287154678437,0.005279413700754001,0.0006690769369787289,0.0012708313479871966,0.0006365283347985033,0.9553171041877173,0.021592197640082217,0.0011805606970035042,img_06455.jpg
0.41999437753768887,0.014656678943453669,0.0019628689677661437,0.008880236185899454,0.005916932435230891,0.4808607955142199,0.05390305666262957,0.013825053753111393,img_03238.jpg
0.7204714656914692,0.016877303764547765,0.003316604857601877,0.0646840357492205,0.010832185133814292,0.166437992067828,0.004427658563641936,0.01295275417187643,img_02899.jpg
0.8959109226061396,0.001407586172602816,0.0005784312119090492,0.0012657583040348263,0.08482839305656327,0.0007422073357453358,0.01333323523267716,0.0019334660803278882,img_03935.jpg
0.6852116834419889,0.026702436711729595,0.0016416261149972704,0.0007756945768982309,0.004190594608275618,0.0012397705580266137,0.0032449775154644446,0.2769932164726194,img_02974.jpg
0.9723947758745005,0.001778848537111607,0.0004469918443463964,0.0005745762952683533,0.0003107426350786435,0.014725818734025798,0.005037362328536485,0.004730883751132541,img_01932.jpg
0.010319485445781486,0.004943760800179036,0.0009665012257813577,0.0010033535451796723,0.9762162577875105,0.0037046401742006404,0.0014841606635357845,0.0013618403578314975,img_07553.jpg
0.037916162939752175,0.004921746250642967,0.001796974512146891,0.052629621986191276,0.8875732902057413,0.009110597330537117,0.0021594180747023994,0.0038921887002859312,img_00133.jpg
0.7587128226207337,0.014234310801205834,0.001550956109360371,0.0014244526409489405,0.1599488987645629,0.0029856354537853985,0.01502879592050415,0.04611412768889846,img_00943.jpg
0.7069816412111349,0.005705461980777111,0.0012836317772454385,0.002661898844677386,0.007253154102517098,0.0863106218187331,0.12493698280220279,0.06486660746271207,img_01860.jpg
0.8787120199642772,0.013624507996219518,0.0014062687267291235,0.0010622451065335238,0.04035486835169263,0.011767356187374229,0.004663210869524885,0.04840952279764892,img_04324.jpg
0.5174712796777837,0.012531928858856239,0.02370150364459231,0.0036158241791990104,0.013540878057623692,0.10219542765838499,0.007020771347107448,0.31992238657645244,img_00432.jpg
1.7659661077847566e-05,9.35163413811764e-06,8.475375025885832e-05,0.00023263133492747425,0.9994261504221431,8.785815347789035e-05,9.555344822596374e-05,4.604159575055726e-05,img_00828.jpg
0.012740228702490926,0.0001335832024081001,0.0003367189787899022,0.0006742353637421476,0.0004991167708574872,0.0001262942777147024,0.0017690342345292997,0.9837207884694673,img_01681.jpg
0.10649647184969052,0.006177004947913322,0.0016838813267246351,0.003216539835222924,0.864629586535308,0.007298349043596724,0.002704058154689637,0.007794108306854272,img_07143.jpg
0.8697199195345303,0.038584380703341886,0.018093526674918432,0.003521051457837567,0.00797500042800025,0.040994355480849114,0.0031452275431564742,0.01796653817736593,img_01724.jpg
0.9198747678538517,0.0031904114346821095,0.0010577231917521023,0.001166489689044439,0.06495832262275836,0.002214423956478539,0.0023168250478827895,0.005221036203549899,img_05981.jpg
0.0014931396002729087,0.9597631472628781,0.025791940249497557,0.0017990204152251975,0.0027237568193026304,0.0006555623618305381,0.0029684282560115387,0.004805005034981517,img_03490.jpg
0.2370894194975151,0.0025094807921063303,0.0040837241299677965,0.0021514852285068387,0.001649170940237143,0.02123043738866149,0.026043676213200164,0.7052426058098051,img_04405.jpg
0.03225056879672677,0.011296405908005052,0.5428794042891211,0.0018386828430823707,0.0021477295431773743,0.0008100954932521801,0.0021625276427937744,0.4066145854838413,img_03324.jpg
0.3880678657454142,0.0012811047143579852,0.0004617264504650895,0.000739371938886836,0.6025705014122887,0.0030053048253129754,0.002057151514729378,0.0018169733985449836,img_00618.jpg
0.13449261039122506,0.00855635225997907,0.0023469961995489334,0.02786600584371997,0.0030431294535572593,0.816857432257078,0.0028154065861088484,0.004022067008782682,img_03581.jpg
3.515271315579588e-07,1.3252950679045828e-07,2.243469648493714e-06,2.8882656933544227e-05,0.9998713298994797,1.93590661201828e-06,9.26494520746201e-05,2.474558613189481e-06,img_07179.jpg
0.3835272571900518,0.06852338332594288,0.004910624261450005,0.0037664517457869223,0.009728568771890938,0.02303154894436221,0.063419022439682,0.44309314332083327,img_03502.jpg
0.001579390355887901,0.03812348572957651,0.5199868955870786,0.0021619735379753203,0.0016844329454879109,0.00443911465886606,0.002536978607391704,0.429487728577736,img_06021.jpg
0.9320756186300642,0.016247571969398113,0.0010180893728952685,0.001419247631692668,0.0016172640666946333,0.022611063923582534,0.003254344186312483,0.021756800219360176,img_05775.jpg
0.9664837104127657,0.006904447511505721,0.0073042165694928215,0.003042957231416784,0.009251007358533495,0.000925856008969519,0.0014269296800453618,0.004660875227270496,img_05835.jpg
